Name	Team	GK	DF	MF	FW	Cost	GW1	GW2	GW3	GW4	GW5	Next_Opponent	News	Selected
Kane	Spurs	0	0	0	1	12.5	6.3500000000000005	8.119460552405721	4.935153000168433	6.675125531313485	6.011278454602816
Salah	Liverpool	0	0	1	0	13.0	7.250000000000001	6.105275773283378	7.547299034448024	5.854361515968339	4.700303846881685
Agüero	Man City	0	0	0	1	11.0	3.75	6.239006010479022	4.501171056160313	5.3516419173297995	5.790171919505985
Hazard	Chelsea	0	0	1	0	10.5	4.925000000000001	4.464288997570269	4.252310482335469	5.299675885968984	6.0147621129708595
Firmino	Liverpool	0	0	0	1	9.5	5.074999999999999	4.191914599056249	5.381746688458595	4.042033750008676	3.221428488193883
Azpilicueta	Chelsea	0	1	0	0	6.5	4.625	4.3220876303720885	3.934311881376154	4.963981443970882	5.746001167278766
Alonso	Chelsea	0	1	0	0	6.5	4.5249999999999995	4.1970876303720885	3.8593118813761538	4.838981443970882	5.6710011672787655
Mané	Liverpool	0	0	1	0	9.5	3.375	2.768854403351728	3.620821297460356	2.5774791223487323	1.98328259507925
Eriksen	Spurs	0	0	1	0	9.5	4.725	6.20318610886123	3.657252142977452	5.17151823665249	4.368770324716297
De Bruyne	Man City	0	0	1	0	10.0	4.625000000000001	7.1157650488023805	5.480983687174664	6.220379210557033	6.813744412385029
van Dijk	Liverpool	0	1	0	0	6.0	3.4999999999999996	2.7977340119426857	3.84897051546388	2.648369867028845	2.156990808849983
Robertson	Liverpool	0	1	0	0	6.0	3.8	3.0227340119426858	4.19897051546388	2.873369867028845	2.4319908088499833
Alisson	Liverpool	1	0	0	0	5.5	3.0749999999999997	2.5227340119426858	3.2989705154638798	2.348369867028845	1.806990808849983
Otamendi	Man City	0	1	0	0	6.5	4.0249999999999995	6.3159849285927985	4.965960266051457	5.413346372210436	6.197940973994908
Walker	Man City	0	1	0	0	6.5	3.8499999999999996	6.115984928592798	4.815960266051458	5.238346372210435	6.0479409739949075
De Gea	Man Utd	1	0	0	0	6.0	4.375	4.439477719802268	3.8161080033545867	3.8185132445716468	4.299689777953297
Lloris	Spurs	1	0	0	0	5.5	3.8	5.31623623251801	3.184385285823901	4.329049948950046	3.8732129625192924
Vertonghen	Spurs	0	1	0	0	6.0	3.75	5.266236232518009	3.109385285823901	4.254049948950046	3.8232129625192925
Davies	Spurs	0	1	0	0	6.0	3.7749999999999995	5.29123623251801	3.159385285823901	4.329049948950046	3.8732129625192924
Trippier	Spurs	0	1	0	0	6.0	3.55	5.016236232518009	2.884385285823901	4.004049948950046	3.548212962519292
Aubameyang	Arsenal	0	0	0	1	11.0	3.0499999999999994	3.59678187306912	5.525701938202387	5.281732790584093	4.521613861976142
Sané	Man City	0	0	1	0	9.5	3.0	4.991204808383218	3.600936844928251	4.281313533863839	4.632137535604787
Son	Spurs	0	0	1	0	8.5	4.15	5.519498763432205	3.178668571535513	4.549682877024435	3.8305736219700415
Lukaku	Man Utd	0	0	0	1	11.0	2.85	3.99207691103625	3.367978149450593	3.4982561778956724	3.810688086883544
Mahrez	Man City	0	0	1	0	9.0	4.1000000000000005	6.341864447754476	4.930866581558632	5.535215018824052	6.10972722043443
Willian	Chelsea	0	0	1	0	7.5	2.7750000000000004	2.331416406378157	2.3159832115117727	2.8283333039772125	3.225131348305121
Keita	Liverpool	0	0	1	0	7.5	2.7	2.215083522681383	2.8966570379682857	2.0619832978789865	1.5866260760634003
Shaqiri	Liverpool	0	0	1	0	7.5	3.975	3.240083522681383	4.021657037968286	3.1869832978789865	2.3366260760634003
Ederson	Man City	1	0	0	0	5.5	3.6750000000000003	5.6920843275448965	4.540843160435426	4.878182180477456	5.643923782044309
Mendy	Man City	0	1	0	0	6.0	2.725	4.492084327544896	3.2408431604354258	3.8531821804774555	4.16892378204431
David Silva	Man City	0	0	1	0	8.5	2.725	4.392304207335316	3.1508197393122197	3.7461493421308596	4.053120343654189
van Aanholt	Crystal Palace	0	1	0	0	5.5	3.0999999999999996	2.538012824223505	2.8490375935644217	3.3352926026090772	2.9552259546036668
Pickford	Everton	1	0	0	0	5.0	3.5	4.099509763442392	3.2003169953496817	4.297647793958244	3.9086709917916673
Alexander-Arnold	Liverpool	0	1	0	0	5.0	2.375	1.9074330334200797	2.4943435604726902	1.775596728729127	1.3662613432768167
Stones	Man City	0	1	0	0	5.5	2.375	3.8681837264969943	2.790726054819395	3.3180179887444763	3.589906590093711
Bernardo Silva	Man City	0	0	1	0	7.5	2.4000000000000004	3.893183726496994	2.790726054819395	3.3180179887444763	3.589906590093711
Zaha	Crystal Palace	0	0	0	1	7.0	3.1999999999999997	2.6504631960728435	2.9039694393485096	3.523006221711424	3.1377847331904083
Tosun	Everton	0	0	0	1	7.0	2.2	2.6414926895608706	2.1454476087029386	2.910778652607445	2.5594447667795697
Rashford	Man Utd	0	0	0	1	7.0	2.8249999999999997	2.6757408818161834	2.215878636437279	2.3223992889757588	2.5473491166510325
Milivojevic	Crystal Palace	0	0	1	0	6.5	3.2	2.4879466533559564	2.980613387943206	3.5105774280788737	3.1319709927193227
Richarlison	Everton	0	0	1	0	6.5	3.0500000000000003	3.4971536649336965	2.818824479820691	3.7318222721571788	3.4180360251088713
Mee	Burnley	0	1	0	0	5.0	2.4250000000000003	2.9752741438247767	2.719207908646197	2.157372619656316	2.5731343473123864
Tarkowski	Burnley	0	1	0	0	5.0	2.5250000000000004	3.1002741438247767	2.819207908646197	2.282372619656316	2.673134347312386
Özil	Arsenal	0	0	1	0	8.5	1.875	2.2479886706682004	3.453563711376492	3.301082994115059	2.8260086637350894
King	Bournemouth	0	0	0	1	6.5	2.9	2.005238731768415	2.391538359198216	1.521050384719936	2.298075426162846
Kanté	Chelsea	0	0	1	0	5.0	1.8749999999999996	1.6016780599848306	1.608321674660953	1.9641203499841753	2.2396745474341113
Jorginho	Chelsea	0	0	1	0	5.0	1.8749999999999996	1.6016780599848306	1.608321674660953	1.9641203499841753	2.2396745474341113
Pogba	Man Utd	0	0	1	0	8.0	1.875	2.603340073050164	2.2177487825332847	2.4771422222997845	2.733347425581279
Fred	Man Utd	0	0	1	0	6.0	1.875	1.853340073050164	1.4427487825332848	1.6271422222997844	1.783347425581279
Groß	Brighton	0	0	1	0	7.0	1.7999999999999998	1.5064221391183599	1.2867745602038991	2.1939507169630152	1.799542050576219
Daniels	Bournemouth	0	1	0	0	4.5	2.5250000000000004	1.664610083956205	2.04455375609443	1.3675243385535438	1.843306375023305
Tomkins	Crystal Palace	0	1	0	0	4.5	2.45	2.02536393977152	2.238833130916686	2.5984334599161194	2.2529022903638927
Vardy	Leicester	0	0	0	1	9.0	1.6500000000000001	4.354949543393404	3.724785932042297	3.3780777717544686	3.7002328283298906
Fernandinho	Man City	0	0	1	0	5.5	2.2750000000000004	3.6201626446107706	2.9555152647105385	3.1297224436251123	3.6726756445826334
Lingard	Man Utd	0	0	1	0	7.0	1.65	1.7059392642841442	1.2946189286292906	1.4318851556238106	1.5693457345115251
Bellerín	Arsenal	0	1	0	0	5.5	1.5750000000000004	1.8883104833612883	2.9009935175562536	2.7729097150566497	2.373847277537475
Ryan	Brighton	1	0	0	0	4.5	2.6750000000000003	2.418119371728565	2.0509277401784116	3.2947068773426382	2.5745992942541918
Schmeichel	Leicester	1	0	0	0	5.0	2.2750000000000004	3.684270018693703	3.017977480585829	2.7870287821292647	2.8218131543148948
Mkhitaryan	Arsenal	0	0	1	0	7.0	1.5	1.7334713897078322	2.624708420646134	2.5088230755274448	2.147766584438668
Simpson	Bournemouth	0	1	0	0	4.0	1.275	0.9385623376025221	1.1162460842547863	0.7283142616095564	1.0186912897907354
Kelly	Crystal Palace	0	1	0	0	4.0	1.3250000000000002	1.0627812261870837	1.2470528738901667	1.4862894917533649	1.3738335880084624
Wan-Bissaka	Crystal Palace	0	1	0	0	4.0	1.3	1.0627812261870837	1.2470528738901667	1.4862894917533649	1.3738335880084624
Sessegnon	Fulham	0	0	1	0	6.5	1.275	0.7660649994851116	1.2278873053303134	1.1731649127520896	0.5936897505943535
Jota	Wolves	0	0	1	0	6.5	1.275	0.9760313867743406	0.69386695426883	1.0720458484224995	1.2037772103849393
Maguire	Leicester	0	1	0	0	5.5	1.2000000000000002	3.0308723951952024	2.408935223303489	2.2817838340032495	2.25471478423992
Bertrand	Southampton	0	1	0	0	5.0	1.85	1.6411449847772528	1.759919789623833	1.4952107698074202	2.1668184975968536
Patrício	Wolves	1	0	0	0	4.5	1.2	0.9186177757876149	0.6530512510765458	1.0089843279270585	1.132966786244649
Boruc	Bournemouth	1	0	0	0	4.0	1.125	0.828143239061049	0.9849230155189292	0.6426302308319616	0.8988452556977078
Speroni	Crystal Palace	1	0	0	0	4.0	1.175	0.937748140753309	1.1003407710795587	1.3114319044882632	1.2122061070662902
Schürrle	Fulham	0	0	1	0	6.0	1.125	0.6759397054280397	1.0834299752914527	1.0351455112518437	0.5238438975832531
Mitrovic	Fulham	0	0	0	1	6.5	1.15	0.7009397054280397	1.1084299752914526	1.0601455112518436	0.5488438975832531
Arnautovic	West Ham	0	0	0	1	7.0	1.75	2.7739493053971875	1.9266358231754683	2.8906079029505447	2.2430390507571607
Suttner	Brighton	0	1	0	0	4.0	0.9249999999999999	0.7532110695591799	0.6433872801019496	1.0969753584815076	0.8997710252881095
Stephens	Brighton	0	0	1	0	4.5	1.375	1.12821106955918	0.9183872801019496	1.8969753584815077	1.3497710252881094
Lascelles	Newcastle	0	1	0	0	5.0	1.65	2.075649157637084	1.6638391734668339	1.1363136296360898	1.70967108168384
Fabianski	West Ham	1	0	0	0	4.5	1.875	2.481803258413005	1.860999542686935	2.778591302496615	2.190263812179136
Neves	Wolves	0	0	1	0	5.0	0.75	0.5741361098672593	0.40815703192284114	0.6306152049544116	0.7081042414029056
Cédric	Southampton	0	1	0	0	4.5	0.675	0.5997065539372047	0.6524548816634061	0.5879310580166738	0.76883540489823
Zanka	Huddersfield	0	1	0	0	4.5	1.2	0.8331118250717735	1.770941862173737	1.166164124908461	1.2866967474564441
Bednarek	Southampton	0	1	0	0	4.0	0.55	0.4664384308400481	0.507464907960427	0.45727971179074633	0.5979830926986234
Bennett	Wolves	0	1	0	0	4.0	0.5249999999999999	0.40189527690708143	0.2857099223459888	0.441430643468088	0.49567296898203383
Kamara	Fulham	0	0	0	1	4.5	0.44999999999999996	0.2703758821712159	0.4333719901165811	0.4140582045007375	0.20953755903330118
Wilshere	West Ham	0	0	1	0	5.0	0.4	0.6053651174604568	0.41409070122133407	0.5925415011348248	0.5069380964450618
Quaner	Huddersfield	0	0	0	1	4.5	0.1	0.044015975010253366	0.1101345517391053	0.08088058927263728	0.09452810677949203
Malone	Huddersfield	0	1	0	0	4.0	0.0	0.0	0.0	0.0	0.0
Lovren	Liverpool	0	1	0	0	5.0	0.0	0.5	0.875	0.525	0.625
